215
217
218
219
220
221
222
223
224
225
226
227
228
230
231
232
233
234
235
236
237
240
241
242
243
244
245
247
248
249
250
251
252
253
254
255
256
257
259
260
261
262
264
265
266
267
268
270
271
272
273
276
277
279
280
281
282
283
284
286
287
288
289
290
291
292
293
294
297
298
300
301
303
304
305
306
307
309
310
311
312
313
314
315
316
317
318
319
320
321
322
323
324
325
326
327
329
330
331
332
333
334
335
336
337
338
341
342
343
344
345
347
348
349
351
352
354
355
356
358
359
360
361
362
364
365
366
367
368
369
370
372
373
374
375
377
378
379
380
381
382
383
384
385
386
387
388
389
390
391
392
393
395
396
398
399
400
402
403
404
405
406
407
408
409
410
411
412
413
414
415
418
419
420
421
422
423
424
425
427
428
429
430
431
432
433
434
435
436
437
438
439
441
442
443
444
445
446
447
448
449
450
451
452
453
454
456
457
458
459
460
461
463
464
465
467
468
469
470
471
473
474
475
476
477
479
480
481
483
484
485
486
487
488
489
490
492
493
495
496
497
498
499
500
